Latitude: 43.659806979062786
Longitude: -79.38317091474575
